./model_20100904_226530663.xml;Smart Home v2;[ff];10;610
./model_20100904_226530663.xml;Smart Home v2;[ff];10;630
./model_20100904_226530663.xml;Smart Home v2;[ff];9;630
./aircraft_fm.xml;Aircraft PL;[ff];8;40
./aircraft_fm.xml;Aircraft PL;[ff];8;30
./aircraft_fm.xml;Aircraft PL;[ff];8;20
./aircraft_fm.xml;Aircraft PL;[ff];8;20
./arcade_game_pl_fm.xml;Arcade Game PL Feature Model;[ff];12;4580
[73,110,115,117,114,97,110,99,101,95,80,114,111,100,117,99,116];[82,69,65,76,45,70,77,45,49,55,46,120,109,108];[ff];10;340
[73,110,115,117,114,97,110,99,101,95,80,114,111,100,117,99,116];[82,69,65,76,45,70,77,45,49,55,46,120,109,108];[ff];10;320
[73,110,115,117,114,97,110,99,101,95,80,114,111,100,117,99,116];[82,69,65,76,45,70,77,45,49,55,46,120,109,108];[ff];10;260
[73,110,115,117,114,97,110,99,101,95,80,114,111,100,117,99,116];[82,69,65,76,45,70,77,45,49,55,46,120,109,108];[ff];16;300
[73,110,115,117,114,97,110,99,101,95,80,114,111,100,117,99,116];[82,69,65,76,45,70,77,45,49,55,46,120,109,108];[ff];10;250
[73,110,115,117,114,97,110,99,101,95,80,114,111,100,117,99,116];[82,69,65,76,45,70,77,45,49,55,46,120,109,108];[ff];9;160
[73,110,115,117,114,97,110,99,101,95,80,114,111,100,117,99,116];[82,69,65,76,45,70,77,45,49,55,46,120,109,108];[ff];10;280
[73,110,115,117,114,97,110,99,101,95,80,114,111,100,117,99,116];[82,69,65,76,45,70,77,45,49,55,46,120,109,108];[ff];10;270
[73,110,115,117,114,97,110,99,101,95,80,114,111,100,117,99,116];[82,69,65,76,45,70,77,45,49,55,46,120,109,108];[ff];10;270
[83,80,76,32,83,105,109,117,108,69,83,44,32,80,110,80];[109,111,100,101,108,95,50,48,49,50,48,52,50,52,95,49,55,48,51,49,53,50,53,57,54,46,120,109,108];[ff];10;3350
Insurance_Product;REAL-FM-17.xml;[ff];10;510
Insurance_Product;REAL-FM-17.xml;[ff];10;540
Insurance_Product;REAL-FM-17.xml;[ff];9;160
Insurance_Product;REAL-FM-17.xml;[ff];9;170
Weather Station;REAL-FM-2.xml;[ff];11;170
Web_Portal;REAL-FM-3.xml;[ff];15;2010
Web_Portal;REAL-FM-3.xml;[ff];15;1810
Inventory;model_20091009_1552375070.xml;[ff];10;790
Feature Model do Dominio de Agendamento;model_20091225_1547989376.xml;[ff];10;300
Feature Model do Dominio de Agendamento;model_20091225_1547989376.xml;[];9;260
